samplerate=97.66451139566472
quantization=0.012890625